1024 1024
14 50 2 15 43
33 126 25 221 76 213
46 35 159 64 27 154
19 90 47 161 67
25 146
33 14
42 27 145
0 162 29 3 195 166
36 78 120
6 118 25 164 82
15 76 242 242 145
4
13 35 177 246 54 210
36 124 196
47
44 207
12 181 120
46 156
17 240
55 174
8 99 200
8
47 30 4
11 115 102
22 140 183 51
52 162 133 153 89
31 200 168 201
41 219
14 13 98 100 174
15 206 215 185 202 237
23 180 82 20 92 198
17 221 98
14 225 89 95 172
51 17 63 223
48 30 159 172 113
52 29 119 208 159
11 249 102
43 173
44 130 255 196 179
4 52 200 87 79
47 59 245 121
60 51 38 11 244
14 58 28 146 24 183
1 242 229 89 25
8 150 77
22 190 227 163 101
9 254 251 233 138
51
3 92 197 133 39
26 59 235
45 205 119 130
41 89
6 152 196 12 200
10 67 51 225
4 124 151 44 173
45
38 122 83
5 174 74 58 199 112
32 72
11 90 115 32 213
49 78 180 41
44 222 86 134
52
48 246 204 190
61
17 19 91
57 180 171 18 26 125
25 143 202 170
22 155
56
24 211 107 167 58 211
22 231 64 248
37 113
13 123 139
20
18 122 7 231
52 193
57 57 104 248
8 2 11
39
52 20 121 19 53
31 37 42 200
48 58 165 22
8 228
1 147
43 226 178 44 170 111
26 5 173 178 157
62 165 190 253 210 249
41 62 52 14 105 12
59
42 29 181 30
45 144 48 244 208
48 180 228 130
36 106 184 95
29
5 14 151 49 108 72
37 174 191 2
51 162 138 45 28 149
60 203 202
40 171
20 36
31 45 195 162
55 213
44 195 89
38 225 136 180
50 162
17 91 247 242 146
7 21 119
6 56 169 201
41 168 180 152 226
20 42
7 100 170 25 12 246
17 245 208
21 52 11
29 123 115 24 26
10 75
49 111 198
46 175 36 203
51
60 233 195 153 149
21 214
36
17 105
43
56 187 196 167 75
5 152 103 158 72 225
41 242 69 14
51 33 150 175
1 82 101 106
44 180
58 240
12 166 105 14 243
7 63 140 174 61
63 108 90 23
22 205
55 150
3 37
43 110 207 174 110 179
25 51 196 196 53 37
42 177 116 73 229 28
50 4 59 207 251
8 162 121 156 254
4 112 22 217 20 38
56 224 30
21 10 251 161 227
15 24 139 105
57
27
22 183 181
17 82 37 136
30
38 144
31 159 44 40 222
45 59 217 221 16
23 72 138 19
12 18 75 200 201 92
34 47 111
40 31 114
37 63 166 209 125
17 231 88 62 205
17 55 86
10 50 207 131
16 3 103
9 100 70 231
48 156 133 109
52 167 105 241 121 158
33 87 109 59 234 169
49 217 51
46 185 207 218 40
12 10
33 163 75 117 158
48 249
14 51
53 19 113 54
54 172 102 204 85 244
45
62 244 151 167
26 107 120 243
24 33 105 13 230 14
31 213
55 7
39 232
29 236
51 155 82 49 41 168
6 119 17 34 143
14 149 183
52
1 106 53 212 15 53
39 215
56 46 219 54 133 146
19 240 4 173 48
28 117 151 31 151 28
35 47
28 238 214 29
17 28 244 169
61 15 141 138 96 31
58 20 0
17 120 140 210
20
63 57 184 241 70
36
51 100 150 138
53 234 110 10 120
29 180 95 155 237 91
4 199 134 63 39
3 75
2 163 207 161 193 122
3 100 228 99 138
63 108 39 183 139
43 45 87 180
60 190
10 45 125
11 174
60 181 180 203 223 144
6 57 105 108 57 40
7
19 29 76
44 6 99
59 228
43 59 191 164 39
24
7 9 205 222 51 64
59 20 113
35 126 248 221 100
32 100 165
37 63 118
14 141
58 213 30 79 123 14
18 40 160 134 52 37
6 232 124 163
36 247 157 121 116 57
10 217
42
52 89 230 251
45 202 50 207
16
33 93 169 173
33 218 15 155 19
27 57 103 132
25 157 53 212
40 71
59 53 214
53 210 121
14 122 203
31 205 85 17 194 231
17 91
51
31 209 97
53 231
39 120 184
13 160 109 202 192
29 108 251 44 127 158
19 146 215 229
30 132 210 104 124 105
10
57 210 92 228 113
31
1 112
24
26 243 90 84 172
47 160 205
55 200
50 232
32 220 177 91 131 214
32 213 59
6 95 51
32 204 102 21 28
53 87 39 91 190
10 76
33 161 53 127 255
58 25 187 215 124 16
38
52 148 206 39
12 212 154 200 231 131
34 251 33 184 213
43 120
17 228 90
1 94 120 130 197
6 87 94
17 1 142 251 215
8
37 120 147 87
47 87
21 135 67 210 131
16 50 110 211
9 83 161 163
22
6
18
47 43
53
53
1 249
28 154 143 123 36 2
33 185 87
12 56 202 230
18 103 160 73 111
40 53
53 89 193
7 238
43 255
63 236 49 152
18 61 196 30
22 74 149 196
40 205 92 12
39
3 25
53 169 178 248 9
20 132 206 34
30 196 241
28 16 195 93 167 59
63 43 132 46 196 207
37 244 36 205 253 124
41 47
16 63 182
62
10 188 16 197 134
58 227 15 195 9
3 216 202 33 219
19 117 240 133
40 217 153 0 61
37 253
21 207 155 132 242
14 7 143 146 99
38 50 129
37 189
57 191 162 15
34 9
6
37 107 72
0 35 108 150 59 31
38 19 17
14 221 80 51
20 104 62 136 125
46 41 253 249 88 34
60 53
23 34 211 10 221 217
38 150 9 68 212
54 152 245 45
25
53 129 193 254 171
12 38 8 118
52 195 235
11
33 201 94
4 145 59 77
4 66 112 60 112 64
20 138 215 151
52 49
9 129 10 177 140 217
27 125 99 63 124
45 246 254 184 137 166
51 159 99 254 150
44 94 131 160 78
61 174 139 40
2 104 15 211
41 55 135
50 215
19 60 64 177
31 43 102 108 229
63 145 162
58 34 241 163 54
2 239 29
17 57 221 50
32 183
22 193 94 39
7 89
11 224 171 214
27 193
36 226 191 89 183 204
34
14 176 76 182 94 16
5 161 244
44
52 55 215 12
45 171 116 72 175 201
63 29 143 156
36 111
28
48
0
28 219 155
5 35 151 128
5 21
7 7 163
45 128
24 208 231 98
47 148 144 53
63 65 45 190 255 85
5 227 189 122 85
29 254
46
53 151 197
42 230 253 213
47 218 27
47 197
24 194
41 218 134 86 74 3
41 158 158 226 41 178
52 158 4 1 223 77
63 85
27 152
47 51
62 83
62 151 157 249
8
24 189
4 66 203
60 229 35
2 93 238 184 113 149
55 140 72 48 138 244
50 161 58 216 16 96
47 171 66
21 112 130 104 22 132
37 228 42 26
23 198
62 107 143 231 239 248
31 250 82 13 44 174
12 110 237
11
20 46 37 159
26 158
3 114 72
46 209
45 119 126 159
28 242 124 102 51
16 106
37 247 117
30 215 14 63 143 58
55
0
28 205 95 170
12 64 205
45 31 57
22 44 44 138 172 95
50
47 50 163 161 142 167
2 80 49 18 253 181
60
62 233 31 45
59
47 132 156 12 159 193
31 119 69 241
13 247 247 114 106 244
50 14 193 226 225 230
21
40 177 171 103 137 115
51 1 75 124
41 198 218
23 44
16 202 36 131 79 126
19
31 18 119
46 83 112 186
11 0 241 204 167 147
15 28 68 191 108
63
59 129 34 78
21 135 94 253 86
61 100 137 109 26
17 132 103
27 168 170 109 181 9
51 186
12 116 159 250 51 200
20 118 165
39 56 128 82 61
24 228 48 185
4
44 153 192 92
18 184 208 146 116
56 158
14 22 81 82 190
19
41 245 166
11 202 169 52 95
52 219 6
52
58 36 85
12 254
36 185
29 45 66 126 21
24
34 212 133 220 120
59 223 20 209
38 38 170 14
16 59
32
35 14 39 189 58 160
40 85 80 238 231
63 220 21
6 197 66 93 132
21
60 151 60 131 157 21
38 51 53 136 202 47
10 231 254 149 53 95
52 195 124
55 107 131
46 237
49 243 138 166 184
13 175 199 72 50
10 71
9 110 1 52 9
42 17 242 22
1 139 165 88 1
26 255 53 38
56 87
29 126 245 199
2 92 117
57 125
10
6
22 182 222
21 150 59 108
31 161 59 100 210 151
57 93 171 234 10
21 202 224 16 146 152
17 189 91 59 135 132
9 178 182
52 162
25 232
41 55 37 179 73
16 254 147 2 9 99
31 38 203 111
51 103
3 114 87 145
38 158 175 152 42
25 123 81 151
46 140 215 45 134
22 50 225
38 155 247 126
20
50 196 153 140 14 175
48
55
53
1
31 99 26
8 1 77 62 164
26 133 182 227 254 110
50 89
41 111 137 29 179 194
48 81 98 214 72
46 99 28 218 60
50 100 37 29
6 2 182
29 12 236 149
60 57 116 150 248
3 122
4 225 122 9 124 204
39 179 35 27
28 196 162
32 34 126
23 154 66 42 232 139
53 237
10 20
52 7 33 144 34 119
7 36 117 60 125 54
57 125
63 85 205 125 170 135
41
29 111 70
52 115 224 48
16 41 77
8 167 39 166 87 11
18 47
54
20
18 208 251
43 184 142 196 0 213
30 60 225 24 52
56 40
12 225 242
44 251 120 253 100 168
18
52 113 56 15
36
8 161 247
12 199 222
31 102 97
19
41 44
51 37
10 175 124
52 63 86
45 26 88 228 32 30
58
48 36 127
24
39 25 196 95 183
33 96 72 157
0 204 147 217
30 63
18 238 184 238 7 33
24 21 110 144 147 98
21 245 188 102 216 2
39 42 15 243
53 188 214 84 229 142
22
38 107
6 52 134 47
28 173 167
46
4 69 92 189 55 150
61 142 61 156
27 86 207 56 95 202
24 170 213 247 63 239
32 8 59
58 76 132 8 37 103
62 244 53 208 225 230
16 172 155 245
31 99 217 202 75 0
58 192 114 165 203
26 124 64 152
52 190 236
62 88 67
9 141
57 106 11 162 50 179
3 67 203 68 229 134
35 86 112 223 203 112
26 34 60 73 129 32
14 115 231 3 176
36 109 174
23 252 181 124
51 105 110 167 126
49 188 244
10 112
53 248 164
38
3 54 13
46 229 155
17 244 103
19 202 107 246 98
56 233 73 75
28 14
49 53 32 32 57
14 157 13 226 209 4
6 159 119
10
18 150
18 123 73 166 94
22 55 11
29 52
62 156 177 180 187
16 4 150 30 223
39 65 195 225 55
16 112 2
59 227 203 217 225
14 37 150 18
13 146 224 73 105 1
43 29 104 110 37
17 110
34 14 244
40 50 78 30 58
58 187 9 45
10 29 146
63
43 93
47 105 150 223
18 91
0 0 117 121 232
20 170
20 103 214
45 96
22 10 86 202 104
52 120
52
36 239 3 235 171
4 148 86
52 28
20 73 206 194 180 19
42 74 57
41 3 245 215 71 39
0 4 208
58 202 15
9 53 25 50 99
14 58 10
8 187 115 194
41 101 17 126
38 79 241 81 164 169
61 231 120 135 55
32
49 113 116 77 48 58
14
46 242
45 178 122 145
10 88 210 26
8 183 248 16 42
58 89 40 194 41 25
12 135
4 70 104 215 165
54 1 45
18 126 198 83
0 170 244 139 205
63 238 214 108 82 80
39 122 199 168 49 160
21 168 38 17 101
56 80 201
62 30 224 87 137 118
16 163 229
52 130
52 252 142 147 28
11
37
51 193 31 121
22
13 218 81
56 213 26 82 135
36 217
47 137 166
59 63 55 118
49 144 141 40 153 206
26 78
56 86 47
21 59 185
42
26 47 134 26 73 16
12 26 110
34 29 150 123 60
14
25 230
42 246 70 165 205 253
47
30 57 89
4 14 172
58 243
18 40
1 30 8 53 180
53 255 227 139
1 139 77 131 220
58 30 31 254 110
49 14 95 20 151 239
56 160 87 200 86
49 136 13 149
4 185 1
34 220 38 163 243
10 170 163 191
62
12 246 129 105 215 52
3 58 25 42 238 241
3 230 85 51 155
62 157
18 91 34
2 91 86 19
0 107 217 178 236 235
34 182 233 5 215
20 119 9 123 190 45
1 55
47 100 98 100
20 216
10 151 10 244 79 7
45 155 220 233 165 164
23 99 213 251
4 121
7 140 6 159
27 88 18
48 151 22 163 119 53
48 65
3 3 49 225 10 178
37 31 221 247
1 163 177 79
29 153 21 164 156
41 148 234 156 93
60 242 125 248 171 120
21 121 94 31 10
19
51 245 160 11
60 100 106 192 203
12 239 231
29 96 40
28 249 106
19 221 60
37
28 68 94 174 136
56 14 22 60 158 123
47 38
27 141 70 40 207 113
10 95 91 226 19
49 206 10 103 17 28
15 118 126 94
32
14 117
37
0 102 166 144
55 8
59 164
15 102 216 113
12 93 199 219 134 104
27 105 83 184 112
63 189 157 55 180 135
37 131 25
20 184 93
31
59 107 81
0 166 253 156 176
2 63
26
48 19 166 40 40 168
26 126 202
10 204
23 193 146 152
7 171 53
33
18
10 219 43 79
26 83 214 227
1 83 165 139
55 1 98 253 32
6
52 130 226 18
54 160
39 131
21 147
46 152
22 22 190 213 255
51 161 187 169 181 243
47 69
41 241 137
63 140 174 235 201
31 205 174 14 133
28
37 204 148 198 33 77
43
14 200 46
51 103 223 154
13 49 132 24 9
26 165 229 239 148
4 96 176 86
17 230 21 100 157
31 248 136 67
17 156
49
29 159 16
10
49 46 41 143 118 37
38 206 51 110 93
61 67 161 230
16 128 109 90 159 3
6 218
50 202 52
31
12
39
55 68 132 226 120
55 209 73 198 222 67
31 158 7 71 169 100
7 230
26 109 216
19 31 68 94 117
6 247 95 16 130 97
61 20 76 137
61 140
40 110 117 10 135
40 228 195 252 8
4 51 111 9 204
5 75 76 166
6 122 233
58 49 152
46 69 157 107 92
39 94 112 152 26
30 233 90 172 160
12 173 131 233 18 218
39
29
11 144 134
54 75 236 102 110
20
4 57 252 171 223 220
51 198 8
36 45
20 161 11 163
57 82 211 228
38 101
46
61 12 251 163
40 124 88 200 195
31 165 111
30 125 158 186
43
50
55 83 3 226 198
48 34 236 247 5
32 196 219
27 175 75 66 236
19 67 123 44 229 207
50 30 225
45 183 105 190 38 121
11
39
51 10 189 46
56 99 129 115
61 107 157 31
20 136 47 88
15 97 65 40
54 123 212 160
60 207 49 234 141 142
48 246 242 223
43 252 171
55 178
10 55 169
63 62
8 174 248 20 212 70
35 22 164
52
22 69
61 134 198
32 51 205 27 194
8 135 70
37 187 27 226 136
59 153
20 44 166 14 132 125
9 30
40 54 96 173 48
13 85 181 142
60 107 10
12 94
62 128 19 12 30
27 137
6
30 196 132 167 153
31 34 9
63 9
52 100 252 208
62 171 243 50 158
31 140 19 0
27 150 154
30 254
30 143 182 240 254 55
50 65 25 151
46 22 248
1 71 6 73 91
41 95 144
15 154 195 197
50
63 113 131 3
11 178 250 111 139 151
45 98 255 50 57
61
29 157
27 6
12 55 113 106 21 248
54 223
41 69 49
13 73
61
22 87
63
26
14 233 133 196
24 147 235 125
4
48 66 165
29 227
1 43 78
13 101 214 143 250 156
49 219 60 198
8
42 90 99
21 127 53 57 225
9
31 13
1
35 207 81 2 64 136
19 240 49 32
54 17 145
34 170 139
50 100 85 198
35 17
45 137 151 215 86 60
43 149 15
38 61 62 48
6 155 161 154 93 6
48 175 43
55 201 42 117 150 199
25 132 120
30 108 39 232
26 33 185
23 112
41 22 53 173 158
19 232
45
57 119
21 18 237 252
43
11 243
42 44 149 77 82
35 162 218
61 59 78 40
27 24 125 24 243 28
21 147 154 73 115
47
17 86
24 172 69 159 175 254
10
4 141
8 71
48 184 249 65 88
17
5 22 64 144
8 42 121
10 167 29 125 249
20
14 225
22 84 28 6 136 216
51 56 199 82 238
39 241 143 77
0 232 17 11 197 153
38 107 224 30 186
23 218 162 34 248
54 145 140
51 46 10 248 156
39 243 40
41 8 117
12 211 191 235 205
55 70 231 75 199 115
8 65
8 135 228 233 2 41
4 2 108 81 213 100
2 234 128
37 145 16 10 35 50
29 31 226
17 144
22 154 174
9 146 86
11 76 54 105 4 138
