2048 1024
28
26
56
28
11
46
30
44
56
32
15
30
62
50
1
32
40
1
59
35
34
57
33
49
11
11
14
47
29
33
56
0
48
20
46
50
12
22
0
39
52
62
16
53
42
42
52
0
14
31
37
28
26
4
3
54
63
27
7
23
43
43
26
11
16
63
9
9
9
1
55
11
57
48
1
11
16
59
2
31
62
26
46
58
41
44
27
15
61
23
11
39
36
33
11
11
11
4
10
14
8
26
26
26
26
26
26
26
28
26
26
26
26
26
26
26
59
52
41
54
4
42
5
4
44
52
17
26
26
26
26
26
26
26
26
32
2
56
11
11
11
5
46
50
39
4
29
47
35
34
0
58
45
39
2
11
58
33
22
20
37
38
2
22
1
13
26
26
26
26
26
26
26
26
26
26
13
3
44
34
18
0
31
51
48
38
22
20
22
37
24
5
52
33
34
24
56
63
52
61
19
26
37
11
29
9
39
21
61
13
31
18
53
14
54
9
35
3
40
14
34
61
6
2
22
28
7
63
19
40
31
52
42
58
38
38
43
12
57
27
1
45
52
47
31
56
18
26
26
26
26
26
63
17
16
16
3
26
34
18
16
51
11
42
63
46
46
52
39
48
15
50
19
60
42
2
7
21
7
40
48
60
33
63
36
40
17
40
38
40
54
35
23
42
43
54
3
27
6
42
52
1
27
62
35
57
0
28
25
44
8
49
25
35
48
14
0
7
37
2
62
53
40
19
48
23
58
5
19
19
11
35
54
5
15
23
58
34
41
26
26
26
26
26
26
54
13
8
32
26
26
26
26
26
26
26
26
26
26
26
26
26
35
23
28
29
12
43
36
23
12
42
13
2
49
12
53
36
6
32
44
46
61
36
20
34
25
40
37
9
51
36
5
3
37
32
40
31
60
39
60
34
50
41
53
39
44
46
57
63
49
36
32
45
3
26
40
63
38
55
62
32
18
2
53
36
22
58
24
0
22
28
63
59
31
63
29
60
60
62
49
29
32
44
30
24
5
1
49
17
22
29
7
8
14
0
14
26
61
12
49
57
0
6
29
47
50
31
7
2
44
47
12
16
1
33
35
14
10
59
58
39
35
8
54
10
44
15
44
34
3
43
28
13
51
22
30
7
16
24
58
11
31
21
14
63
4
60
61
29
60
61
24
33
35
29
12
57
20
21
45
53
32
18
8
35
59
50
7
23
52
26
5
15
42
48
12
63
52
14
12
39
23
61
47
5
17
26
26
26
26
26
26
26
26
26
26
26
26
26
11
9
28
63
59
39
28
10
15
2
51
60
36
56
57
22
1
29
51
27
44
53
48
1
15
28
34
21
46
1
37
21
3
30
18
46
43
18
9
42
14
37
3
42
23
12
2
17
9
17
63
33
60
54
20
30
18
0
57
22
34
24
42
1
24
20
9
46
21
20
43
29
3
10
45
60
56
13
23
49
43
21
57
45
63
31
24
30
39
10
58
54
28
26
26
26
26
26
8
10
30
38
29
5
31
30
18
2
41
41
5
6
46
25
10
58
10
31
59
26
26
26
26
26
26
26
26
26
26
26
26
4
14
25
8
10
13
57
21
34
4
57
6
32
12
62
55
10
49
32
32
34
20
40
52
4
59
43
37
24
4
51
10
25
26
26
26
26
26
26
26
26
26
12
5
60
36
18
5
34
42
27
26
26
26
26
26
26
26
26
26
26
26
26
26
26
26
15
52
37
62
10
21
20
28
6
10
53
44
47
14
45
10
11
8
6
34
4
8
33
3
34
43
55
11
59
19
35
33
15
27
24
63
27
26
26
26
26
26
26
26
26
26
26
26
26
15
31
11
7
50
50
22
32
25
61
13
17
55
13
18
17
9
21
12
45
41
61
49
15
6
54
25
6
38
54
7
18
11
61
19
41
40
6
38
39
34
14
60
25
34
9
20
29
55
4
28
54
30
40
5
37
27
62
23
62
20
26
26
26
26
26
26
57
53
18
34
31
15
59
16
59
36
18
47
19
8
13
58
35
63
14
10
13
63
2
26
26
26
26
26
26
26
26
26
26
26
26
26
26
26
26
26
41
27
39
38
38
10
18
0
30
3
6
54
5
7
46
0
56
1
55
42
51
20
46
8
34
2
32
7
22
4
30
48
22
53
0
26
26
26
26
26
26
26
26
26
26
26
26
26
26
26
26
26
26
26
26
23
4
20
59
10
33
39
8
24
25
14
31
59
30
16
48
20
36
37
19
4
11
31
58
2
13
15
15
27
4
1
58
10
41
14
43
21
34
60
60
50
28
4
32
14
35
5
23
44
3
16
60
50
1
38
44
40
61
12
35
21
2
45
41
38
49
52
51
45
54
21
35
11
33
47
16
42
60
62
39
49
13
45
15
44
43
4
6
56
45
20
35
28
22
10
27
51
26
26
26
26
26
26
26
26
26
26
26
26
26
26
26
56
55
21
42
55
16
9
34
2
30
49
13
8
10
34
62
46
46
62
8
36
55
39
23
17
12
2
18
24
44
5
43
60
48
60
12
31
52
53
38
9
27
34
31
15
9
17
33
29
10
53
14
27
56
58
23
1
59
20
50
1
38
28
42
6
39
63
18
44
33
3
37
27
6
19
56
25
24
60
30
52
0
11
32
8
5
5
35
1
29
49
21
17
57
15
62
16
25
8
40
52
39
46
15
16
12
48
22
17
48
60
12
29
18
2
22
42
55
20
23
10
4
36
21
39
24
49
25
51
5
3
47
31
14
26
26
26
26
26
26
26
26
26
26
26
26
59
60
12
11
23
1
50
37
51
51
53
3
38
28
60
43
9
6
21
49
28
31
36
49
1
40
46
60
50
6
48
52
30
39
15
63
10
53
28
44
31
57
63
42
51
12
36
26
26
26
34
55
26
26
26
26
26
26
26
26
26
26
26
26
29
11
10
48
33
37
46
61
63
5
0
2
36
36
20
50
10
22
8
49
63
48
6
6
29
26
42
55
29
23
55
43
4
30
46
51
14
47
34
48
39
12
30
26
38
18
12
35
34
59
43
22
14
61
41
52
60
36
45
62
7
26
26
26
26
26
26
26
26
26
26
26
26
26
26
10
19
24
16
57
28
31
51
25
11
61
53
34
38
56
45
25
6
23
4
28
24
6
26
26
26
26
26
26
26
26
26
26
1
55
5
36
11
22
43
27
29
43
31
54
49
6
1
48
57
49
62
20
44
45
33
36
13
56
60
16
35
2
22
57
53
4
28
63
28
62
54
30
18
40
56
18
31
5
17
24
57
56
40
48
35
59
61
17
12
18
20
16
40
18
5
59
26
26
26
26
26
26
26
26
26
56
1
56
48
10
19
25
3
10
31
20
7
18
48
24
29
30
42
26
26
26
26
26
26
26
26
26
62
63
30
34
31
7
49
13
55
54
1
63
56
60
36
6
24
39
7
5
48
17
27
5
58
58
25
14
5
61
40
30
10
30
24
12
2
10
62
37
47
40
16
5
38
59
27
46
36
57
54
19
39
14
2
10
30
41
23
29
60
6
25
47
23
18
62
1
39
30
34
58
22
45
16
12
21
5
35
2
35
22
42
8
35
53
45
52
28
52
41
24
50
45
18
61
27
6
8
39
52
14
3
61
54
17
41
25
56
52
38
38
22
58
17
55
0
8
63
14
26
26
26
26
26
26
26
26
26
26
26
26
26
26
26
26
26
26
26
26
26
26
26
26
26
26
26
54
14
38
16
22
21
60
28
7
2
51
33
24
57
44
42
58
52
47
20
29
10
6
45
14
54
24
28
46
20
33
55
22
59
58
25
55
11
16
8
59
49
18
32
28
26
26
26
26
26
26
26
7
21
58
56
63
60
48
47
6
15
0
48
60
53
59
45
62
14
6
63
2
17
47
63
9
57
57
35
25
44
50
43
55
32
53
46
30
10
35
19
17
18
3
32
56
8
7
33
2
62
28
17
25
62
26
26
26
26
26
26
26
26
26
26
26
26
26
26
26
26
26
26
26
26
26
42
1
2
29
2
0
23
53
58
28
10
35
53
61
27
38
60
60
55
1
16
19
19
11
56
7
0
54
34
8
39
43
34
50
31
45
32
31
17
45
17
50
24
48
13
10
15
7
14
30
7
57
26
48
49
48
24
58
22
8
51
7
41
62
12
21
32
47
32
59
27
31
15
60
42
7
62
53
23
62
59
46
18
1
39
12
63
53
47
49
37
39
13
38
50
7
12
5
28
49
43
16
35
47
27
60
8
24
12
61
21
36
39
11
53
56
38
41
37
19
60
55
61
42
48
26
7
39
28
32
60
48
49
2
30
20
9
14
22
57
41
0
53
39
43
19
24
0
43
33
37
35
60
23
49
32
23
29
4
24
0
22
46
27
56
20
10
48
59
59
39
63
39
2
50
59
20
54
55
45
35
24
22
17
32
55
25
31
60
46
53
7
49
3
57
28
35
21
43
22
21
29
48
55
39
52
23
39
28
48
24
19
51
1
29
26
26
26
26
26
26
26
26
26
26
26
26
21
5
24
4
54
4
49
52
43
43
29
26
24
27
17
50
30
45
25
2
11
1
29
45
42
56
54
2
36
13
48
63
0
26
26
26
26
26
26
26
26
26
26
21
46
60
45
21
26
