1024 1024
29 120 172 201 17
41
39
21
45
56
22
31
5
44
31
27
43
21
62
21
48
55
31
22
60
51
32
0
19
11
11
11
28 122 72 198 189 211
58
1
63
62
21
57
31 212 180 127 53
25
28
44
43
52
20
52 243 97 118 161
59
3
35
32
39
43
60
42
8
4
53
58
52
3 90 146
25
37
26
57
43
36
24 144 120 205 177 161
33
58
10
43
17
39
60
20
30
2
2
34
8
46 94
4
52
62
59
49
34
12 82 55 165 243 190
19
37
49
0
45
41
28 147
5
7
52
58
27
59
60 111 121 202 229
32
35
6
20
59
56
12 50 116 54
50
53
22
7
32
33
47 23 90 140
62
47
43
5
20
31
35 180 35
23
34
39
52
16
25
7 219 48 120
19
11
62
43
21
19
15 98 199 148 6 16
62
47
19
19
48
44
43 15 48
26
40
7
53
11
30
33 9 112 142
55
49
9
61
20
52
56 175 173 238
48
43
40
28
28
58
55 119 246 85 61
42
31
22
31
8
37
27 204 33 146 235 108
45
39
42
20
44
10
27 61 32 16 7 229
0
28
57
54
27
10
17 156
59
26
49
58
31
57
43 110
18
41
18
42
4
23
20 197 6 58 224 159
37
42
14
34
31
35
31 186 217 209 35
51
28
34
23
49
52
31 253 18
53
19
57
61
22
44
1 254 61 181 153 5
19
0
51
10
55
20
34 79 193 43 148 249
50
17
18
34
21
21
13 170 102 149 13
55
22
3
32
27
34
2 89 98 53
62
18
0
43
62
35
1 34
35
2
9
62
3
18
35 138
58
7
17
32
6
33
32
40
58
9
52
52
1
30
34
61
17
16
60
12
16 180 128 137 73
51
59
53
55
5
32
20 54 46 55 229
7
30
59
59
42
57
62 11 234
57
33
26
11
9
1
21 4 225
61
37
26
30
42
6
58
25
46
19
16
2
14
34 52 172
39
37
51
39
3
60
18
36
35
39
11
31
16
3 93
3
10
48
28
21
10
63 200
50
13
8
39
59
60
33 253 92
24
18
23
55
57
30
30 111 248 21 182 149
47
17
31
10
24
57
3 122 86 144 136 73
18
31
7
48
55
54
43 19 88
60
24
46
18
50
23
31 209 38 200 183 154
21
25
19
22
32
57
26 3 165
62
63
43
18
16
50
0 84
30
3
37
48
8
19
3 48
51
47
10
9
6
50
15 201
56
4
22
14
36
38
7 179 11 139
8
57
40
46
0
31
62 166 233 181
29
11
11
11
11
16
51 207
30
1
11
11
11
11
15 96
27
26
29
22
19
41
25 186
7
20
58
52
25
29
58 232 39 242 246
23
15
4
13
24
19
5 128
25
62
30
37
63
43
4
13
30
50
36
53
44
54 25 208 85 91 195
61
0
24
15
20
56
51 79 21
13
36
32
33
40
29
34 137
13
58
54
31
49
59
19 22 189 5
15
30
22
0
20
62
22 211 34 59
49
46
41
61
58
57
49 233 134
18
18
10
55
9
40
16 178
1
21
40
58
8
21
16 3 252 5 220
48
56
47
43
49
1
34 157 176 90 4
44
2
43
62
4
49
1 49 87 104 39 169
24
27
44
19
9
21
1 88 14 151
49
62
31
19
55
38
51 76 62 211
8
53
47
50
32
29
24
6
41
27
8
45
63
27 97
32
33
50
1
39
15
52
34
41
13
28
11
11
24 5 199 109
59
17
1
19
11
22
62 191 136 31 190
42
61
48
45
12
36
17 99
7
24
34
38
11
11
11
11
19
37
49
28
40
38
46
62
46
17
12
23
22 113 117
40
43
37
61
60
38
46 235 106
41
57
40
37
3
2
55 207 183
11
43
15
56
7
49
62 123 110 41 112 48
44
7
20
27
44
58
4 250
4
59
37
14
22
34
1 80
29
21
35
58
25
15
36 252 11 72 72
26
38
51
13
62
50
39
11
48
63
6
6
43
55 48 9 94
38
23
27
18
56
5
20 112 163 122
0
23
58
39
43
9
46 48
36
56
47
6
45
36
34 138
11
11
63
11
59
29
31 35 120
11
48
9
12
33
18
29 68 171 203 84 168
52
32
13
6
1
57
4 164
39
25
53
8
51
33
50 121 176 118 151
6
36
29
46
26
19
59 227 163 250
23
44
0
5
41
17
43 234
61
55
54
48
44
6
24 241 230 176 248 70
26
2
25
10
14
12
54 228 97 157
48
30
35
1
21
37
16
0
34
60
39
10
41
21 179 58 130
4
39
29
0
62
52
61 219 28 236 143
48
33
28
36
31
47
36 4
13
33
11
36
44
33
40 110 75 231
43
52
25
58
55
27
19 108
10
1
19
23
54
21
9
32
29
32
9
2
49
46 12
25
62
39
63
55
39
37 121 26 48
37
52
51
34
27
50
38 19 95 5 123
10
49
44
55
2
61
6 147 255 3 189 64
60
7
38
45
30
23
30 198 151 85 144 138
61
10
36
45
42
41
16
57
39
38
18
60
22
41 227 225 143
54
42
53
58
26
41
46 110 174 218 103 0
45
43
61
47
46
50
14 189 207 203 55 108
63
7
37
5
38
13
35 212 130
44
27
15
31
55
2
59
24
61
1
0
42
60
15 159 204 47 219
58
1
55
55
18
16
17 203 152 99 138 166
21
25
14
12
22
59
33
18
52
44
32
40
2
49 68 149
6
36
63
9
55
4
43
4
40
32
47
4
28
37 169 63 220 32
25
40
10
24
14
0
7 64 247 208
14
40
6
33
57
28
45 197 163 189
56
44
43
17
63
37
11 219 216 211 184 180
36
38
31
32
32
41
39 243 83 23 64
52
3
24
16
4
50
13
38
41
9
29
53
49
5 13 164
36
29
56
31
46
55
8 185 147
51
52
61
61
27
54
43 38 139 151
31
6
32
33
50
6
41 65 50 197 145
10
26
14
27
53
8
6
36
42
37
47
13
26
16
42
15
56
53
4
61
29 241 9 147 68 47
10
31
11
7
43
42
8 237 15 186 51 119
29
32
45
14
7
1
60 32 255
5
22
34
52
37
47
6 7 234 75
62
2
18
3
10
31
6 140 178
14
34
13
26
44
38
40 198
55
50
16
7
24
62
6 94 108 205 31 113
5
